

                   INTERNATIONAL EARTH ROTATION AND REFERENCE SYSTEMS SERVICE
                        EARTH ORIENTATION PARAMETERS
                          EOP (IERS) 14 C04

  
             FORMAT(3(I4),I7,2(F11.6),2(F12.7),2(F11.6),2(F11.6),2(F11.7),2(F12.6))
##################################################################################
  
      Date      MJD      x          y        UT1-UTC       LOD         dX        dY        x Err     y Err   UT1-UTC Err  LOD Err     dX Err       dY Err  
                         "          "           s           s          "         "           "          "          s         s            "           "
     (0h UTC)

2019   1   1  58484   0.086360   0.271107  -0.0361691   0.0009196   0.000000   0.000000   0.000058   0.000040  0.0000152  0.0000130    0.000123    0.000180
2019   1   2  58485   0.084450   0.272019  -0.0370212   0.0008103   0.000000   0.000000   0.000059   0.000040  0.0000153  0.0000131    0.000124    0.000184
2019   1   3  58486   0.081750   0.272569  -0.0378103   0.0006117   0.000412  -0.000076   0.000058   0.000040  0.0000109  0.0000132    0.000112    0.000134
2019   1   4  58487   0.079016   0.272577  -0.0383407   0.0004701   0.000413  -0.000112   0.000058   0.000040  0.0000108  0.0000132    0.000106    0.000134
2019   1   5  58488   0.076411   0.272536  -0.0388442   0.0004125   0.000403  -0.000120   0.000059   0.000040  0.0000142  0.0000133    0.000108    0.000139
2019   1   6  58489   0.074159   0.272895  -0.0392000   0.0003598   0.000393  -0.000128   0.000058   0.000040  0.0000139  0.0000130    0.000110    0.000144
2019   1   7  58490   0.072162   0.273364  -0.0395448   0.0003132   0.000410  -0.000148   0.000058   0.000040  0.0000129  0.0000131    0.000084    0.000085
2019   1   8  58491   0.071062   0.273800  -0.0398235   0.0003272   0.000408  -0.000161   0.000059   0.000040  0.0000129  0.0000131    0.000084    0.000085
2019   1   9  58492   0.070637   0.274756  -0.0401827   0.0004111   0.000396  -0.000162   0.000059   0.000040  0.0000128  0.0000132    0.000085    0.000085
2019   1  10  58493   0.069750   0.275757  -0.0406200   0.0004624   0.000380  -0.000160   0.000059   0.000040  0.0000126  0.0000133    0.000086    0.000085
2019   1  11  58494   0.068810   0.276031  -0.0411335   0.0005626   0.000364  -0.000157   0.000059   0.000040  0.0000125  0.0000133    0.000086    0.000085
2019   1  12  58495   0.068327   0.276958  -0.0417621   0.0006858   0.000349  -0.000155   0.000059   0.000040  0.0000124  0.0000134    0.000088    0.000084
2019   1  13  58496   0.067619   0.278392  -0.0424928   0.0007617   0.000364  -0.000149   0.000059   0.000040  0.0000115  0.0000131    0.000085    0.000075
2019   1  14  58497   0.067041   0.280037  -0.0432913   0.0008473   0.000343  -0.000147   0.000059   0.000040  0.0000114  0.0000132    0.000086    0.000075
2019   1  15  58498   0.066278   0.281989  -0.0441663   0.0008947   0.000321  -0.000146   0.000059   0.000040  0.0000114  0.0000132    0.000087    0.000076
2019   1  16  58499   0.065560   0.283745  -0.0450744   0.0008947   0.000300  -0.000145   0.000058   0.000040  0.0000114  0.0000133    0.000087    0.000076
2019   1  17  58500   0.064413   0.285541  -0.0459513   0.0008434   0.000278  -0.000144   0.000058   0.000040  0.0000110  0.0000134    0.000078    0.000068
2019   1  18  58501   0.063021   0.286806  -0.0467703   0.0007935   0.000257  -0.000142   0.000059   0.000040  0.0000110  0.0000134    0.000078    0.000068
2019   1  19  58502   0.061886   0.287736  -0.0475251   0.0007474   0.000258  -0.000150   0.000058   0.000040  0.0000108  0.0000135    0.000080    0.000074
2019   1  20  58503   0.060924   0.288663  -0.0482545   0.0007625   0.000267  -0.000162   0.000058   0.000039  0.0000107  0.0000132    0.000078    0.000072
2019   1  21  58504   0.059951   0.289646  -0.0490393   0.0008539   0.000276  -0.000174   0.000057   0.000039  0.0000098  0.0000132    0.000074    0.000064
2019   1  22  58505   0.059500   0.290588  -0.0499453   0.0009738   0.000285  -0.000186   0.000057   0.000039  0.0000098  0.0000133    0.000074    0.000065
2019   1  23  58506   0.059020   0.291974  -0.0510250   0.0011441   0.000294  -0.000198   0.000058   0.000039  0.0000099  0.0000133    0.000075    0.000065
2019   1  24  58507   0.058404   0.293938  -0.0522867   0.0013438   0.000272  -0.000207   0.000058   0.000040  0.0000099  0.0000134    0.000075    0.000066
2019   1  25  58508   0.057037   0.295895  -0.0536825   0.0014479   0.000241  -0.000217   0.000058   0.000040  0.0000094  0.0000135    0.000070    0.000062
2019   1  26  58509   0.055392   0.297230  -0.0551286   0.0014242   0.000255  -0.000210   0.000058   0.000040  0.0000095  0.0000136    0.000070    0.000061
2019   1  27  58510   0.054208   0.298636  -0.0565355   0.0013738   0.000286  -0.000196   0.000058   0.000039  0.0000095  0.0000132    0.000070    0.000061
2019   1  28  58511   0.053443   0.300145  -0.0578315   0.0012435   0.000317  -0.000183   0.000058   0.000039  0.0000096  0.0000133    0.000071    0.000060
2019   1  29  58512   0.052614   0.301578  -0.0589595   0.0010153   0.000348  -0.000170   0.000058   0.000039  0.0000096  0.0000133    0.000071    0.000060
2019   1  30  58513   0.051577   0.302934  -0.0598915   0.0008170   0.000326  -0.000166   0.000058   0.000040  0.0000096  0.0000134    0.000072    0.000059
2019   1  31  58514   0.050593   0.304306  -0.0606310   0.0006817   0.000291  -0.000164   0.000058   0.000040  0.0000094  0.0000135    0.000068    0.000055
2019   2   1  58515   0.049834   0.306171  -0.0612131   0.0005584   0.000255  -0.000162   0.000058   0.000040  0.0000093  0.0000135    0.000068    0.000054
2019   2   2  58516   0.049056   0.308504  -0.0616807   0.0004658   0.000267  -0.000175   0.000058   0.000040  0.0000094  0.0000136    0.000068    0.000053
2019   2   3  58517   0.047559   0.310550  -0.0621318   0.0005001   0.000297  -0.000193   0.000058   0.000039  0.0000094  0.0000133    0.000069    0.000053
2019   2   4  58518   0.045944   0.311689  -0.0626834   0.0005894   0.000326  -0.000210   0.000058   0.000039  0.0000091  0.0000133    0.000067    0.000052
2019   2   5  58519   0.044745   0.312776  -0.0633636   0.0007100   0.000356  -0.000228   0.000058   0.000040  0.0000091  0.0000133    0.000067    0.000051
2019   2   6  58520   0.043838   0.313876  -0.0641456   0.0008363   0.000336  -0.000225   0.000058   0.000040  0.0000091  0.0000134    0.000068    0.000051
2019   2   7  58521   0.043000   0.314914  -0.0650381   0.0009471   0.000302  -0.000216   0.000058   0.000040  0.0000090  0.0000135    0.000068    0.000050
2019   2   8  58522   0.042225   0.316266  -0.0660328   0.0010463   0.000269  -0.000208   0.000058   0.000040  0.0000088  0.0000135    0.000064    0.000048
2019   2   9  58523   0.041812   0.318184  -0.0671122   0.0011151   0.000274  -0.000188   0.000058   0.000040  0.0000087  0.0000136    0.000065    0.000047
2019   2  10  58524   0.041158   0.320405  -0.0682579   0.0011816   0.000292  -0.000164   0.000058   0.000040  0.0000087  0.0000132    0.000065    0.000047
2019   2  11  58525   0.040091   0.322109  -0.0694520   0.0011896   0.000310  -0.000139   0.000058   0.000040  0.0000086  0.0000133    0.000066    0.000046
2019   2  12  58526   0.038728   0.323345  -0.0706618   0.0011548   0.000329  -0.000115   0.000057   0.000040  0.0000086  0.0000133    0.000066    0.000045
2019   2  13  58527   0.037643   0.323847  -0.0718419   0.0011475   0.000312  -0.000154   0.000057   0.000040  0.0000085  0.0000134    0.000067    0.000045
2019   2  14  58528   0.036400   0.324163  -0.0729663   0.0010705   0.000287  -0.000210   0.000057   0.000040  0.0000085  0.0000134    0.000067    0.000044
2019   2  15  58529   0.035202   0.324437  -0.0740279   0.0010196   0.000249  -0.000260   0.000057   0.000040  0.0000084  0.0000135    0.000056    0.000034
2019   2  16  58530   0.034898   0.325551  -0.0749921   0.0009527   0.000248  -0.000277   0.000057   0.000040  0.0000084  0.0000135    0.000053    0.000034
2019   2  17  58531   0.035382   0.326979  -0.0759557   0.0009808   0.000257  -0.000281   0.000057   0.000040  0.0000085  0.0000132    0.000054    0.000035
2019   2  18  58532   0.036402   0.328814  -0.0769600   0.0010855   0.000266  -0.000284   0.000057   0.000040  0.0000086  0.0000132    0.000055    0.000036
2019   2  19  58533   0.037158   0.330699  -0.0781400   0.0012574   0.000275  -0.000288   0.000057   0.000040  0.0000086  0.0000133    0.000055    0.000037
2019   2  20  58534   0.037516   0.332551  -0.0795086   0.0014033   0.000284  -0.000292   0.000057   0.000040  0.0000087  0.0000133    0.000056    0.000038
2019   2  21  58535   0.037409   0.334157  -0.0809978   0.0015192   0.000274  -0.000244   0.000058   0.000040  0.0000088  0.0000134    0.000056    0.000039
2019   2  22  58536   0.036823   0.335959  -0.0825419   0.0015702   0.000259  -0.000183   0.000058   0.000040  0.0000089  0.0000134    0.000057    0.000040
2019   2  23  58537   0.035746   0.337468  -0.0840556   0.0014712   0.000262  -0.000176   0.000058   0.000040  0.0000086  0.0000135    0.000056    0.000040
2019   2  24  58538   0.035260   0.338447  -0.0854318   0.0012778   0.000272  -0.000190   0.000058   0.000040  0.0000087  0.0000131    0.000057    0.000040
2019   2  25  58539   0.035478   0.339220  -0.0866005   0.0010413   0.000281  -0.000204   0.000058   0.000040  0.0000087  0.0000132    0.000058    0.000040
2019   2  26  58540   0.035848   0.340191  -0.0875389   0.0008125   0.000291  -0.000218   0.000058   0.000040  0.0000087  0.0000132    0.000058    0.000040
2019   2  27  58541   0.036335   0.341340  -0.0882392   0.0006230   0.000284  -0.000217   0.000058   0.000040  0.0000087  0.0000133    0.000059    0.000039
2019   2  28  58542   0.037308   0.342419  -0.0887966   0.0005456   0.000273  -0.000213   0.000058   0.000040  0.0000086  0.0000134    0.000055    0.000036
2019   3   1  58543   0.038585   0.344058  -0.0893231   0.0004493   0.000262  -0.000208   0.000059   0.000040  0.0000085  0.0000134    0.000055    0.000036
2019   3   2  58544   0.040115   0.345746  -0.0897152   0.0004525   0.000241  -0.000218   0.000043   0.000029  0.0000062  0.0000097    0.000030    0.000024
2019   3   3  58545   0.041705   0.347321  -0.0902063   0.0005032   0.000250  -0.000213   0.000043   0.000029  0.0000061  0.0000096    0.000030    0.000023
2019   3   4  58546   0.043027   0.348978  -0.0907334   0.0005849   0.000257  -0.000202   0.000043   0.000029  0.0000061  0.0000098    0.000029    0.000024
2019   3   5  58547   0.043941   0.350881  -0.0913413   0.0006457   0.000264  -0.000192   0.000043   0.000029  0.0000062  0.0000098    0.000030    0.000024
2019   3   6  58548   0.044629   0.352612  -0.0920315   0.0007774   0.000247  -0.000211   0.000044   0.000029  0.0000062  0.0000099    0.000030    0.000025
2019   3   7  58549   0.045490   0.354228  -0.0928581   0.0009090   0.000224  -0.000239   0.000044   0.000029  0.0000062  0.0000099    0.000030    0.000026
2019   3   8  58550   0.045755   0.355899  -0.0938234   0.0009788   0.000201  -0.000267   0.000044   0.000029  0.0000063  0.0000099    0.000031    0.000026
2019   3   9  58551   0.045492   0.356807  -0.0948098   0.0010281   0.000199  -0.000276   0.000044   0.000029  0.0000063  0.0000099    0.000031    0.000026
2019   3  10  58552   0.045250   0.357817  -0.0958613   0.0010329   0.000205  -0.000277   0.000044   0.000029  0.0000064  0.0000100    0.000030    0.000027
2019   3  11  58553   0.045393   0.359065  -0.0969332   0.0010556   0.000211  -0.000278   0.000044   0.000029  0.0000064  0.0000099    0.000031    0.000027
2019   3  12  58554   0.045392   0.360610  -0.0979628   0.0009685   0.000216  -0.000285   0.000043   0.000029  0.0000064  0.0000098    0.000032    0.000034
2019   3  13  58555   0.044941   0.361834  -0.0988993   0.0008698   0.000218  -0.000273   0.000043   0.000029  0.0000065  0.0000098    0.000032    0.000035
2019   3  14  58556   0.044600   0.363157  -0.0997080   0.0007680   0.000217  -0.000269   0.000043   0.000029  0.0000062  0.0000099    0.000031    0.000046
2019   3  15  58557   0.044689   0.364244  -0.1004779   0.0007574   0.000216  -0.000260   0.000043   0.000029  0.0000062  0.0000099    0.000031    0.000047
2019   3  16  58558   0.044882   0.365639  -0.1012684   0.0008150   0.000194  -0.000255   0.000043   0.000029  0.0000062  0.0000100    0.000031    0.000047
2019   3  17  58559   0.045118   0.366716  -0.1021277   0.0009185   0.000164  -0.000252   0.000043   0.000029  0.0000062  0.0000100    0.000032    0.000047
2019   3  18  58560   0.045569   0.367665  -0.1031430   0.0011095   0.000134  -0.000247   0.000043   0.000029  0.0000062  0.0000100    0.000032    0.000038
2019   3  19  58561   0.045849   0.368711  -0.1043490   0.0013120   0.000104  -0.000245   0.000043   0.000029  0.0000062  0.0000100    0.000032    0.000041
2019   3  20  58562   0.045602   0.369656  -0.1057537   0.0015004   0.000118  -0.000272   0.000043   0.000029  0.0000062  0.0000101    0.000033    0.000041
2019   3  21  58563   0.045363   0.370584  -0.1073331   0.0016399   0.000144  -0.000306   0.000043   0.000029  0.0000061  0.0000101    0.000033    0.000042
2019   3  22  58564   0.045163   0.371781  -0.1090042   0.0016718   0.000171  -0.000340   0.000043   0.000029  0.0000061  0.0000101    0.000033    0.000042
2019   3  23  58565   0.045059   0.373068  -0.1106258   0.0015653   0.000180  -0.000307   0.000043   0.000029  0.0000061  0.0000102    0.000034    0.000042
2019   3  24  58566   0.045366   0.374421  -0.1121099   0.0013668   0.000182  -0.000249   0.000042   0.000029  0.0000061  0.0000098    0.000031    0.000040
2019   3  25  58567   0.045815   0.375834  -0.1133803   0.0011510   0.000184  -0.000187   0.000042   0.000029  0.0000061  0.0000098    0.000032    0.000048
2019   3  26  58568   0.045966   0.377276  -0.1144432   0.0009612   0.000187  -0.000127   0.000042   0.000029  0.0000061  0.0000098    0.000032    0.000033
2019   3  27  58569   0.045903   0.378402  -0.1153100   0.0008170   0.000171  -0.000153   0.000042   0.000029  0.0000061  0.0000099    0.000032    0.000033
2019   3  28  58570   0.046141   0.379230  -0.1160950   0.0007469   0.000151  -0.000201   0.000042   0.000029  0.0000061  0.0000099    0.000033    0.000032
2019   3  29  58571   0.046500   0.380235  -0.1168183   0.0006843   0.000130  -0.000250   0.000042   0.000029  0.0000061  0.0000099    0.000033    0.000032
2019   3  30  58572   0.047100   0.381203  -0.1175404   0.0007409   0.000122  -0.000252   0.000042   0.000029  0.0000062  0.0000100    0.000034    0.000047
2019   3  31  58573   0.047984   0.382645  -0.1183133   0.0008329   0.000118  -0.000246   0.000042   0.000029  0.0000062  0.0000100    0.000034    0.000047
2019   4   1  58574   0.048795   0.384044  -0.1191791   0.0009226   0.000115  -0.000240   0.000042   0.000029  0.0000061  0.0000100    0.000032    0.000045
2019   4   2  58575   0.049786   0.385278  -0.1201631   0.0010292   0.000111  -0.000234   0.000042   0.000029  0.0000062  0.0000100    0.000033    0.000046
2019   4   3  58576   0.050547   0.386499  -0.1212445   0.0011882   0.000120  -0.000235   0.000042   0.000029  0.0000062  0.0000100    0.000033    0.000046
2019   4   4  58577   0.051078   0.387917  -0.1224765   0.0012751   0.000132  -0.000238   0.000042   0.000029  0.0000061  0.0000098    0.000032    0.000043
2019   4   5  58578   0.051313   0.389067  -0.1237650   0.0012629   0.000144  -0.000241   0.000042   0.000029  0.0000061  0.0000099    0.000032    0.000043
2019   4   6  58579   0.051595   0.390130  -0.1250294   0.0012887   0.000139  -0.000244   0.000042   0.000029  0.0000061  0.0000099    0.000033    0.000041
2019   4   7  58580   0.051785   0.391337  -0.1263223   0.0012566   0.000128  -0.000243   0.000042   0.000028  0.0000062  0.0000097    0.000033    0.000025
2019   4   8  58581   0.051821   0.392345  -0.1275976   0.0012183   0.000102  -0.000244   0.000042   0.000029  0.0000063  0.0000098    0.000035    0.000024
2019   4   9  58582   0.052091   0.393318  -0.1287589   0.0011124   0.000106  -0.000245   0.000042   0.000029  0.0000064  0.0000098    0.000034    0.000024
2019   4  10  58583   0.052480   0.394328  -0.1297840   0.0009744   0.000109  -0.000226   0.000042   0.000029  0.0000064  0.0000098    0.000034    0.000025
2019   4  11  58584   0.053117   0.395119  -0.1307304   0.0008031   0.000113  -0.000202   0.000042   0.000029  0.0000065  0.0000098    0.000034    0.000025
2019   4  12  58585   0.053769   0.396173  -0.1314543   0.0007505   0.000138  -0.000173   0.000042   0.000029  0.0000065  0.0000098    0.000032    0.000026
2019   4  13  58586   0.054679   0.397319  -0.1322260   0.0008202   0.000124  -0.000190   0.000042   0.000029  0.0000066  0.0000098    0.000032    0.000026
2019   4  14  58587   0.055085   0.398276  -0.1330707   0.0009118   0.000101  -0.000222   0.000042   0.000029  0.0000066  0.0000098    0.000033    0.000027
2019   4  15  58588   0.055163   0.399057  -0.1340708   0.0010927   0.000077  -0.000254   0.000042   0.000028  0.0000068  0.0000096    0.000033    0.000027
2019   4  16  58589   0.055809   0.399974  -0.1352472   0.0012953   0.000052  -0.000306   0.000042   0.000029  0.0000068  0.0000096    0.000033    0.000032
2019   4  17  58590   0.056668   0.400687  -0.1365967   0.0014476   0.000033  -0.000277   0.000042   0.000029  0.0000069  0.0000096    0.000034    0.000032
2019   4  18  58591   0.057766   0.401049  -0.1380786   0.0014767   0.000013  -0.000230   0.000042   0.000029  0.0000069  0.0000097    0.000034    0.000033
2019   4  19  58592   0.058599   0.401935  -0.1394963   0.0013893   0.000016  -0.000199   0.000042   0.000029  0.0000069  0.0000096    0.000035    0.000033
2019   4  20  58593   0.059160   0.402829  -0.1408141   0.0012170   0.000027  -0.000175   0.000042   0.000029  0.0000069  0.0000097    0.000034    0.000028
2019   4  21  58594   0.060249   0.403665  -0.1419326   0.0010019   0.000037  -0.000150   0.000042   0.000028  0.0000068  0.0000095    0.000033    0.000028
2019   4  22  58595   0.061350   0.404826  -0.1427672   0.0007530   0.000048  -0.000125   0.000042   0.000028  0.0000068  0.0000095    0.000033    0.000027
2019   4  23  58596   0.062199   0.406269  -0.1433845   0.0005894   0.000059  -0.000100   0.000042   0.000029  0.0000068  0.0000095    0.000033    0.000028
2019   4  24  58597   0.062809   0.407465  -0.1440057   0.0005152   0.000070  -0.000076   0.000042   0.000029  0.0000068  0.0000095    0.000034    0.000028
2019   4  25  58598   0.063457   0.408277  -0.1444919   0.0004827   0.000059  -0.000115   0.000042   0.000029  0.0000068  0.0000096    0.000034    0.000028
2019   4  26  58599   0.064471   0.408795  -0.1449987   0.0005138   0.000042  -0.000172   0.000042   0.000029  0.0000067  0.0000096    0.000033    0.000027
2019   4  27  58600   0.065708   0.409250  -0.1455687   0.0005617   0.000061  -0.000195   0.000042   0.000029  0.0000067  0.0000095    0.000033    0.000028
2019   4  28  58601   0.067070   0.409477  -0.1461789   0.0006526   0.000078  -0.000185   0.000042   0.000029  0.0000066  0.0000096    0.000033    0.000028
2019   4  29  58602   0.068612   0.409997  -0.1468502   0.0007258   0.000101  -0.000187   0.000042   0.000029  0.0000066  0.0000097    0.000034    0.000028
2019   4  30  58603   0.070177   0.410662  -0.1476395   0.0008642   0.000124  -0.000188   0.000042   0.000029  0.0000066  0.0000096    0.000034    0.000030
2019   5   1  58604   0.072222   0.411351  -0.1485556   0.0010083   0.000116  -0.000201   0.000042   0.000029  0.0000066  0.0000096    0.000034    0.000030
2019   5   2  58605   0.074216   0.412141  -0.1496023   0.0010507   0.000099  -0.000216   0.000042   0.000029  0.0000067  0.0000094    0.000034    0.000030
2019   5   3  58606   0.075847   0.412864  -0.1506622   0.0010023   0.000082  -0.000232   0.000042   0.000029  0.0000066  0.0000094    0.000034    0.000030
2019   5   4  58607   0.076746   0.413367  -0.1516396   0.0009372   0.000071  -0.000241   0.000042   0.000029  0.0000066  0.0000095    0.000035    0.000030
2019   5   5  58608   0.077564   0.413858  -0.1525399   0.0008497   0.000062  -0.000250   0.000042   0.000028  0.0000066  0.0000093    0.000034    0.000031
2019   5   6  58609   0.078131   0.414792  -0.1533570   0.0007607   0.000053  -0.000256   0.000042   0.000028  0.0000066  0.0000093    0.000034    0.000031
2019   5   7  58610   0.078967   0.415625  -0.1540793   0.0006757   0.000044  -0.000256   0.000042   0.000028  0.0000066  0.0000093    0.000034    0.000027
2019   5   8  58611   0.080111   0.416276  -0.1547104   0.0005839   0.000035  -0.000262   0.000042   0.000029  0.0000066  0.0000093    0.000035    0.000027
2019   5   9  58612   0.081678   0.416736  -0.1552848   0.0005478   0.000042  -0.000240   0.000042   0.000029  0.0000066  0.0000093    0.000035    0.000027
2019   5  10  58613   0.083198   0.417395  -0.1558351   0.0005435   0.000054  -0.000210   0.000042   0.000029  0.0000066  0.0000093    0.000035    0.000027
2019   5  11  58614   0.084358   0.418035  -0.1564141   0.0006254   0.000058  -0.000212   0.000042   0.000029  0.0000067  0.0000093    0.000035    0.000027
2019   5  12  58615   0.085071   0.418630  -0.1571147   0.0007676   0.000060  -0.000225   0.000042   0.000029  0.0000067  0.0000092    0.000035    0.000027
2019   5  13  58616   0.085813   0.418754  -0.1579536   0.0009279   0.000062  -0.000240   0.000042   0.000029  0.0000067  0.0000093    0.000035    0.000027
2019   5  14  58617   0.086600   0.419108  -0.1589774   0.0011158   0.000064  -0.000252   0.000042   0.000029  0.0000068  0.0000092    0.000036    0.000028
2019   5  15  58618   0.087514   0.419659  -0.1601841   0.0012695   0.000051  -0.000236   0.000042   0.000029  0.0000068  0.0000092    0.000037    0.000028
2019   5  16  58619   0.088999   0.420446  -0.1614640   0.0012897   0.000034  -0.000213   0.000042   0.000029  0.0000069  0.0000092    0.000037    0.000028
2019   5  17  58620   0.090613   0.421097  -0.1627193   0.0012090   0.000010  -0.000175   0.000042   0.000029  0.0000069  0.0000092    0.000038    0.000031
2019   5  18  58621   0.092152   0.421974  -0.1637982   0.0009581   0.000007  -0.000204   0.000043   0.000029  0.0000070  0.0000091    0.000037    0.000030
2019   5  19  58622   0.093282   0.422813  -0.1646108   0.0006955  -0.000002  -0.000236   0.000042   0.000029  0.0000070  0.0000090    0.000037    0.000030
2019   5  20  58623   0.094326   0.423729  -0.1652087   0.0004967  -0.000011  -0.000267   0.000042   0.000029  0.0000070  0.0000090    0.000038    0.000030
2019   5  21  58624   0.095131   0.424424  -0.1656005   0.0003204  -0.000021  -0.000299   0.000042   0.000029  0.0000070  0.0000090    0.000038    0.000031
2019   5  22  58625   0.096224   0.424661  -0.1658605   0.0002467   0.000000  -0.000257   0.000042   0.000029  0.0000070  0.0000090    0.000039    0.000031
2019   5  23  58626   0.097554   0.425052  -0.1660855   0.0002189   0.000029  -0.000197   0.000043   0.000029  0.0000070  0.0000090    0.000037    0.000030
2019   5  24  58627   0.099078   0.425636  -0.1663191   0.0002588   0.000057  -0.000136   0.000043   0.000029  0.0000069  0.0000090    0.000037    0.000030
2019   5  25  58628   0.100677   0.426354  -0.1665911   0.0002955   0.000051  -0.000137   0.000043   0.000029  0.0000068  0.0000090    0.000039    0.000029
2019   5  26  58629   0.101998   0.427131  -0.1669195   0.0003554   0.000051  -0.000172   0.000043   0.000029  0.0000068  0.0000090    0.000039    0.000029
2019   5  27  58630   0.102789   0.428011  -0.1673156   0.0004345   0.000050  -0.000208   0.000043   0.000029  0.0000068  0.0000089    0.000039    0.000030
2019   5  28  58631   0.103380   0.428645  -0.1677794   0.0005092   0.000053  -0.000243   0.000043   0.000029  0.0000068  0.0000089    0.000037    0.000030
2019   5  29  58632   0.104189   0.429128  -0.1683015   0.0005697   0.000049  -0.000279   0.000043   0.000029  0.0000068  0.0000090    0.000038    0.000030
2019   5  30  58633   0.105214   0.429435  -0.1688666   0.0006065   0.000046  -0.000255   0.000043   0.000029  0.0000068  0.0000090    0.000038    0.000030
2019   5  31  58634   0.106824   0.429366  -0.1694735   0.0006029   0.000044  -0.000217   0.000043   0.000029  0.0000067  0.0000090    0.000038    0.000030
2019   6   1  58635   0.109192   0.429288  -0.1700445   0.0005755   0.000043  -0.000206   0.000043   0.000029  0.0000068  0.0000090    0.000043    0.000030
2019   6   2  58636   0.111767   0.429661  -0.1705907   0.0004583   0.000105  -0.000211   0.000043   0.000029  0.0000068  0.0000090    0.000045    0.000026
2019   6   3  58637   0.114354   0.430266  -0.1709787   0.0003102   0.000143  -0.000214   0.000043   0.000029  0.0000068  0.0000091    0.000046    0.000026
2019   6   4  58638   0.117030   0.430851  -0.1712318   0.0002154   0.000223  -0.000218   0.000044   0.000029  0.0000068  0.0000090    0.000037    0.000026
2019   6   5  58639   0.119239   0.431321  -0.1714035   0.0001493   0.000159  -0.000183   0.000044   0.000029  0.0000069  0.0000090    0.000038    0.000027
2019   6   6  58640   0.121052   0.431429  -0.1715420   0.0001022   0.000065  -0.000139   0.000044   0.000029  0.0000068  0.0000090    0.000036    0.000026
2019   6   7  58641   0.122690   0.430872  -0.1716602   0.0001382  -0.000029  -0.000094   0.000044   0.000029  0.0000065  0.0000090    0.000037    0.000026
2019   6   8  58642   0.124490   0.430649  -0.1718378   0.0002370  -0.000059  -0.000112   0.000044   0.000029  0.0000065  0.0000091    0.000043    0.000029
2019   6   9  58643   0.126185   0.430126  -0.1721356   0.0003910  -0.000073  -0.000153   0.000044   0.000030  0.0000065  0.0000090    0.000044    0.000030
2019   6  10  58644   0.128346   0.429871  -0.1725999   0.0005326  -0.000105  -0.000193   0.000044   0.000030  0.0000065  0.0000091    0.000043    0.000029
2019   6  11  58645   0.130420   0.429746  -0.1732075   0.0006185  -0.000080  -0.000240   0.000044   0.000030  0.0000067  0.0000091    0.000035    0.000026
2019   6  12  58646   0.132347   0.429558  -0.1738778   0.0006416  -0.000087  -0.000282   0.000044   0.000030  0.0000064  0.0000090    0.000035    0.000026
2019   6  13  58647   0.134380   0.429399  -0.1744966   0.0005803  -0.000063  -0.000267   0.000044   0.000030  0.0000064  0.0000091    0.000036    0.000026
2019   6  14  58648   0.136665   0.429210  -0.1750200   0.0004295  -0.000030  -0.000238   0.000044   0.000029  0.0000064  0.0000090    0.000036    0.000026
2019   6  15  58649   0.138696   0.429013  -0.1753572   0.0002232  -0.000011  -0.000209   0.000044   0.000029  0.0000067  0.0000090    0.000037    0.000027
2019   6  16  58650   0.140244   0.428691  -0.1754768   0.0000056   0.000004  -0.000180   0.000044   0.000029  0.0000065  0.0000089    0.000037    0.000027
2019   6  17  58651   0.141742   0.428108  -0.1753998  -0.0001226   0.000019  -0.000152   0.000044   0.000029  0.0000065  0.0000090    0.000037    0.000029
2019   6  18  58652   0.143306   0.427548  -0.1752467  -0.0001850   0.000035  -0.000123   0.000044   0.000029  0.0000065  0.0000090    0.000038    0.000028
2019   6  19  58653   0.144520   0.426783  -0.1750128  -0.0002563   0.000028  -0.000141   0.000044   0.000029  0.0000066  0.0000090    0.000039    0.000028
2019   6  20  58654   0.145785   0.426239  -0.1747707  -0.0002204   0.000016  -0.000171   0.000044   0.000030  0.0000065  0.0000091    0.000039    0.000028
2019   6  21  58655   0.147173   0.426049  -0.1745848  -0.0001854   0.000004  -0.000200   0.000044   0.000030  0.0000065  0.0000091    0.000037    0.000027
2019   6  22  58656   0.148438   0.425869  -0.1744462  -0.0001293   0.000008  -0.000193   0.000044   0.000030  0.0000065  0.0000091    0.000038    0.000030
2019   6  23  58657   0.149329   0.425822  -0.1743743  -0.0000398   0.000016  -0.000187   0.000044   0.000030  0.0000066  0.0000090    0.000038    0.000030
2019   6  24  58658   0.149642   0.425359  -0.1743632   0.0000263   0.000025  -0.000181   0.000044   0.000030  0.0000067  0.0000090    0.000038    0.000030
2019   6  25  58659   0.150443   0.424519  -0.1744216   0.0000533   0.000034  -0.000175   0.000044   0.000030  0.0000067  0.0000091    0.000037    0.000030
2019   6  26  58660   0.151503   0.423564  -0.1744781   0.0000439   0.000018  -0.000179   0.000044   0.000030  0.0000068  0.0000091    0.000037    0.000030
2019   6  27  58661   0.153050   0.422505  -0.1745257   0.0000453  -0.000004  -0.000187   0.000044   0.000030  0.0000068  0.0000092    0.000036    0.000030
2019   6  28  58662   0.154952   0.422105  -0.1745566   0.0000056  -0.000025  -0.000194   0.000044   0.000030  0.0000068  0.0000092    0.000037    0.000031
2019   6  29  58663   0.156506   0.421788  -0.1745339  -0.0000611  -0.000035  -0.000220   0.000044   0.000030  0.0000069  0.0000092    0.000038    0.000031
2019   6  30  58664   0.157773   0.421437  -0.1744325  -0.0001824  -0.000041  -0.000250   0.000044   0.000030  0.0000069  0.0000093    0.000038    0.000031
2019   7   1  58665   0.158510   0.420694  -0.1741775  -0.0003108  -0.000045  -0.000284   0.000044   0.000030  0.0000070  0.0000093    0.000038    0.000032
2019   7   2  58666   0.158923   0.419603  -0.1738182  -0.0004383  -0.000049  -0.000316   0.000044   0.000030  0.0000070  0.0000093    0.000036    0.000031
2019   7   3  58667   0.159301   0.418248  -0.1733282  -0.0005289  -0.000062  -0.000285   0.000044   0.000030  0.0000071  0.0000094    0.000036    0.000031
2019   7   4  58668   0.159771   0.417182  -0.1727712  -0.0005358  -0.000076  -0.000237   0.000044   0.000030  0.0000072  0.0000093    0.000037    0.000032
2019   7   5  58669   0.160760   0.416147  -0.1722981  -0.0004260  -0.000089  -0.000188   0.000044   0.000030  0.0000072  0.0000093    0.000036    0.000032
2019   7   6  58670   0.162741   0.415345  -0.1719953  -0.0002040  -0.000089  -0.000172   0.000044   0.000030  0.0000072  0.0000093    0.000035    0.000031
2019   7   7  58671   0.165082   0.415030  -0.1719175  -0.0000221  -0.000084  -0.000168   0.000044   0.000030  0.0000072  0.0000094    0.000034    0.000031
2019   7   8  58672   0.167058   0.414824  -0.1719241   0.0000585  -0.000079  -0.000165   0.000044   0.000029  0.0000073  0.0000093    0.000034    0.000031
2019   7   9  58673   0.168829   0.414243  -0.1720129   0.0000734  -0.000073  -0.000161   0.000044   0.000029  0.0000073  0.0000093    0.000035    0.000032
2019   7  10  58674   0.170656   0.413399  -0.1720373   0.0000259  -0.000094  -0.000144   0.000044   0.000029  0.0000074  0.0000093    0.000035    0.000032
2019   7  11  58675   0.172168   0.412428  -0.1720134  -0.0001153  -0.000122  -0.000123   0.000044   0.000030  0.0000074  0.0000094    0.000034    0.000032
2019   7  12  58676   0.173303   0.411231  -0.1717954  -0.0003342  -0.000150  -0.000102   0.000044   0.000030  0.0000074  0.0000094    0.000034    0.000032
2019   7  13  58677   0.174483   0.409932  -0.1713282  -0.0005760  -0.000145  -0.000097   0.000044   0.000030  0.0000075  0.0000094    0.000035    0.000032
2019   7  14  58678   0.176050   0.408613  -0.1706787  -0.0007695  -0.000128  -0.000098   0.000044   0.000029  0.0000073  0.0000094    0.000035    0.000032
2019   7  15  58679   0.177687   0.407424  -0.1698085  -0.0009133  -0.000110  -0.000099   0.000044   0.000029  0.0000074  0.0000094    0.000035    0.000032
2019   7  16  58680   0.179332   0.406414  -0.1688618  -0.0009571  -0.000093  -0.000100   0.000044   0.000029  0.0000074  0.0000094    0.000036    0.000033
2019   7  17  58681   0.180565   0.406010  -0.1679382  -0.0009163  -0.000064  -0.000082   0.000044   0.000029  0.0000074  0.0000094    0.000036    0.000032
2019   7  18  58682   0.181617   0.405295  -0.1670432  -0.0008163  -0.000032  -0.000060   0.000044   0.000029  0.0000074  0.0000095    0.000036    0.000033
2019   7  19  58683   0.182544   0.404573  -0.1662851  -0.0006897   0.000003  -0.000065   0.000044   0.000029  0.0000072  0.0000095    0.000033    0.000028
2019   7  20  58684   0.183047   0.403589  -0.1656322  -0.0005755  -0.000006  -0.000104   0.000044   0.000029  0.0000073  0.0000095    0.000032    0.000027
2019   7  21  58685   0.183724   0.402446  -0.1651379  -0.0004998  -0.000024  -0.000160   0.000044   0.000030  0.0000072  0.0000096    0.000031    0.000027
2019   7  22  58686   0.184514   0.401331  -0.1646548  -0.0004473  -0.000048  -0.000222   0.000044   0.000030  0.0000072  0.0000096    0.000032    0.000027
2019   7  23  58687   0.185834   0.400342  -0.1642195  -0.0003851  -0.000073  -0.000284   0.000044   0.000030  0.0000072  0.0000096    0.000032    0.000027
2019   7  24  58688   0.187682   0.399458  -0.1638659  -0.0003124  -0.000074  -0.000244   0.000044   0.000030  0.0000072  0.0000098    0.000032    0.000027
2019   7  25  58689   0.189630   0.398277  -0.1635104  -0.0003293  -0.000091  -0.000185   0.000044   0.000030  0.0000067  0.0000097    0.000030    0.000025
2019   7  26  58690   0.191786   0.396756  -0.1631804  -0.0003897  -0.000089  -0.000125   0.000044   0.000029  0.0000066  0.0000096    0.000030    0.000025
2019   7  27  58691   0.194250   0.395533  -0.1627645  -0.0004129  -0.000077  -0.000108   0.000044   0.000029  0.0000066  0.0000096    0.000030    0.000024
2019   7  28  58692   0.196630   0.394957  -0.1623692  -0.0004457  -0.000061  -0.000106   0.000044   0.000029  0.0000066  0.0000096    0.000031    0.000024
2019   7  29  58693   0.198637   0.394721  -0.1618353  -0.0005432  -0.000045  -0.000105   0.000043   0.000029  0.0000065  0.0000095    0.000030    0.000024
2019   7  30  58694   0.200514   0.394157  -0.1612463  -0.0006170  -0.000030  -0.000104   0.000043   0.000029  0.0000065  0.0000095    0.000031    0.000023
2019   7  31  58695   0.202626   0.393370  -0.1606707  -0.0005429  -0.000045  -0.000084   0.000043   0.000029  0.0000064  0.0000096    0.000031    0.000023
2019   8   1  58696   0.204690   0.392301  -0.1602267  -0.0004012  -0.000070  -0.000059   0.000043   0.000029  0.0000064  0.0000096    0.000031    0.000023
2019   8   2  58697   0.206262   0.391220  -0.1598692  -0.0002143  -0.000094  -0.000034   0.000043   0.000029  0.0000063  0.0000096    0.000031    0.000023
2019   8   3  58698   0.207816   0.390218  -0.1597619   0.0000136  -0.000108  -0.000028   0.000043   0.000029  0.0000063  0.0000097    0.000032    0.000023
2019   8   4  58699   0.209328   0.389372  -0.1598705   0.0002047  -0.000118  -0.000029   0.000043   0.000029  0.0000063  0.0000095    0.000031    0.000023
2019   8   5  58700   0.210566   0.388756  -0.1601388   0.0002868  -0.000128  -0.000029   0.000043   0.000029  0.0000063  0.0000095    0.000031    0.000023
2019   8   6  58701   0.211602   0.388370  -0.1604604   0.0002509  -0.000137  -0.000030   0.000043   0.000029  0.0000063  0.0000096    0.000032    0.000023
2019   8   7  58702   0.212386   0.388019  -0.1606720   0.0001189  -0.000117  -0.000031   0.000043   0.000029  0.0000063  0.0000096    0.000032    0.000023
2019   8   8  58703   0.212729   0.387457  -0.1606950  -0.0000725  -0.000090  -0.000032   0.000043   0.000029  0.0000063  0.0000097    0.000033    0.000024
2019   8   9  58704   0.213213   0.386456  -0.1605177  -0.0002884  -0.000063  -0.000032   0.000043   0.000029  0.0000063  0.0000097    0.000032    0.000023
2019   8  10  58705   0.213618   0.385343  -0.1600900  -0.0005104  -0.000063  -0.000027   0.000043   0.000029  0.0000063  0.0000097    0.000038    0.000024
2019   8  11  58706   0.213982   0.383799  -0.1595070  -0.0006517  -0.000082  -0.000019   0.000043   0.000029  0.0000062  0.0000098    0.000044    0.000024
2019   8  12  58707   0.214516   0.382169  -0.1588184  -0.0007450  -0.000094  -0.000011   0.000042   0.000029  0.0000063  0.0000096    0.000043    0.000024
2019   8  13  58708   0.214944   0.380545  -0.1580556  -0.0007526  -0.000096  -0.000003   0.000042   0.000029  0.0000063  0.0000097    0.000032    0.000024
2019   8  14  58709   0.215570   0.378976  -0.1573339  -0.0006479  -0.000092  -0.000008   0.000042   0.000029  0.0000063  0.0000097    0.000032    0.000024
2019   8  15  58710   0.216255   0.377777  -0.1567325  -0.0005263  -0.000085  -0.000017   0.000042   0.000029  0.0000063  0.0000097    0.000033    0.000025
2019   8  16  58711   0.216650   0.376719  -0.1562758  -0.0004420  -0.000078  -0.000025   0.000043   0.000029  0.0000063  0.0000098    0.000033    0.000025
2019   8  17  58712   0.216754   0.375676  -0.1558223  -0.0003914  -0.000078  -0.000031   0.000043   0.000029  0.0000063  0.0000098    0.000033    0.000025
2019   8  18  58713   0.216967   0.374479  -0.1555081  -0.0003343  -0.000080  -0.000037   0.000042   0.000029  0.0000063  0.0000096    0.000039    0.000026
2019   8  19  58714   0.216955   0.373221  -0.1552168  -0.0002577  -0.000081  -0.000042   0.000042   0.000029  0.0000063  0.0000096    0.000039    0.000026
2019   8  20  58715   0.217091   0.371942  -0.1549961  -0.0001989  -0.000084  -0.000048   0.000042   0.000029  0.0000063  0.0000096    0.000048    0.000027
2019   8  21  58716   0.217230   0.370375  -0.1548084  -0.0001647  -0.000112  -0.000005   0.000042   0.000029  0.0000063  0.0000096    0.000049    0.000027
2019   8  22  58717   0.217272   0.368758  -0.1546673  -0.0001669  -0.000147   0.000050   0.000042   0.000029  0.0000063  0.0000097    0.000048    0.000027
2019   8  23  58718   0.217196   0.367299  -0.1545252  -0.0001604  -0.000183   0.000105   0.000042   0.000029  0.0000062  0.0000098    0.000046    0.000026
2019   8  24  58719   0.216899   0.365602  -0.1543575  -0.0002102  -0.000182   0.000097   0.000042   0.000029  0.0000062  0.0000097    0.000043    0.000026
2019   8  25  58720   0.216628   0.363656  -0.1540886  -0.0003062  -0.000168   0.000065   0.000042   0.000028  0.0000062  0.0000095    0.000043    0.000026
2019   8  26  58721   0.216427   0.361682  -0.1537159  -0.0004026  -0.000153   0.000033   0.000042   0.000029  0.0000063  0.0000095    0.000043    0.000026
2019   8  27  58722   0.216384   0.359848  -0.1533169  -0.0004038  -0.000140   0.000001   0.000042   0.000029  0.0000063  0.0000095    0.000041    0.000026
2019   8  28  58723   0.216234   0.357990  -0.1529938  -0.0002607  -0.000137   0.000007   0.000042   0.000029  0.0000063  0.0000095    0.000041    0.000026
2019   8  29  58724   0.215974   0.356213  -0.1528093  -0.0000692  -0.000137   0.000022   0.000042   0.000029  0.0000062  0.0000096    0.000041    0.000026
2019   8  30  58725   0.215295   0.354392  -0.1528582   0.0001634  -0.000138   0.000037   0.000042   0.000029  0.0000062  0.0000096    0.000040    0.000026
2019   8  31  58726   0.214589   0.352607  -0.1531164   0.0003889  -0.000154   0.000047   0.000042   0.000029  0.0000062  0.0000096    0.000041    0.000026
2019   9   1  58727   0.214251   0.351024  -0.1536230   0.0005509  -0.000174   0.000054   0.000042   0.000028  0.0000063  0.0000095    0.000034    0.000026
2019   9   2  58728   0.214229   0.349770  -0.1542362   0.0006158  -0.000195   0.000061   0.000042   0.000028  0.0000063  0.0000095    0.000034    0.000027
2019   9   3  58729   0.213821   0.348481  -0.1548126   0.0005143  -0.000220   0.000068   0.000042   0.000028  0.0000063  0.0000095    0.000051    0.000027
2019   9   4  58730   0.213451   0.346759  -0.1552653   0.0003387  -0.000236   0.000142   0.000042   0.000029  0.0000064  0.0000095    0.000051    0.000027
2019   9   5  58731   0.213287   0.345150  -0.1555174   0.0001664  -0.000216   0.000113   0.000042   0.000029  0.0000064  0.0000095    0.000052    0.000028
2019   9   6  58732   0.213284   0.343292  -0.1555427  -0.0000562  -0.000185   0.000049   0.000042   0.000029  0.0000064  0.0000095    0.000052    0.000028
2019   9   7  58733   0.213605   0.341584  -0.1553511  -0.0002258  -0.000155   0.000023   0.000042   0.000029  0.0000065  0.0000095    0.000036    0.000028
2019   9   8  58734   0.213748   0.340214  -0.1551104  -0.0003264  -0.000129   0.000009   0.000042   0.000029  0.0000065  0.0000095    0.000036    0.000027
2019   9   9  58735   0.213582   0.338873  -0.1547174  -0.0003835  -0.000103  -0.000004   0.000042   0.000028  0.0000065  0.0000094    0.000037    0.000027
2019   9  10  58736   0.212916   0.337633  -0.1543020  -0.0003792  -0.000077  -0.000017   0.000042   0.000028  0.0000065  0.0000094    0.000037    0.000027
2019   9  11  58737   0.211643   0.336271  -0.1539400  -0.0003457  -0.000095   0.000016   0.000042   0.000028  0.0000066  0.0000093    0.000038    0.000027
2019   9  12  58738   0.210279   0.334464  -0.1535993  -0.0003023  -0.000124   0.000060   0.000042   0.000028  0.0000066  0.0000094    0.000038    0.000027
2019   9  13  58739   0.209357   0.332511  -0.1533809  -0.0001592  -0.000154   0.000104   0.000042   0.000028  0.0000065  0.0000093    0.000037    0.000027
2019   9  14  58740   0.208780   0.330745  -0.1532910  -0.0000117  -0.000139   0.000100   0.000042   0.000028  0.0000066  0.0000092    0.000037    0.000026
2019   9  15  58741   0.208414   0.329530  -0.1533171   0.0000314  -0.000108   0.000077   0.000042   0.000028  0.0000066  0.0000092    0.000037    0.000026
2019   9  16  58742   0.207861   0.328404  -0.1533320  -0.0000025  -0.000077   0.000054   0.000042   0.000028  0.0000066  0.0000092    0.000037    0.000026
2019   9  17  58743   0.207375   0.326891  -0.1533303  -0.0000354  -0.000047   0.000056   0.000042   0.000028  0.0000066  0.0000092    0.000037    0.000027
2019   9  18  58744   0.206919   0.325493  -0.1532853  -0.0000746  -0.000033   0.000063   0.000042   0.000028  0.0000066  0.0000092    0.000038    0.000028
2019   9  19  58745   0.206058   0.324124  -0.1531654  -0.0001887  -0.000024   0.000076   0.000042   0.000028  0.0000067  0.0000092    0.000039    0.000029
2019   9  20  58746   0.204867   0.323038  -0.1529207  -0.0003054  -0.000015   0.000089   0.000042   0.000028  0.0000067  0.0000092    0.000039    0.000029
2019   9  21  58747   0.203740   0.321672  -0.1525495  -0.0004187  -0.000010   0.000100   0.000042   0.000028  0.0000067  0.0000091    0.000039    0.000031
2019   9  22  58748   0.202952   0.320373  -0.1521046  -0.0004659  -0.000023   0.000107   0.000042   0.000028  0.0000068  0.0000090    0.000039    0.000031
2019   9  23  58749   0.202247   0.319367  -0.1516530  -0.0004642  -0.000029   0.000115   0.000041   0.000028  0.0000068  0.0000090    0.000038    0.000032
2019   9  24  58750   0.201645   0.318571  -0.1512166  -0.0003760  -0.000035   0.000123   0.000041   0.000028  0.0000068  0.0000090    0.000039    0.000030
2019   9  25  58751   0.201081   0.317719  -0.1508992  -0.0001448   0.000000   0.000112   0.000041   0.000028  0.0000069  0.0000090    0.000039    0.000030
2019   9  26  58752   0.200126   0.317163  -0.1508833   0.0001271   0.000046   0.000096   0.000041   0.000028  0.0000069  0.0000090    0.000040    0.000030
2019   9  27  58753   0.199436   0.316266  -0.1512096   0.0004451   0.000091   0.000080   0.000042   0.000028  0.0000069  0.0000090    0.000040    0.000030
2019   9  28  58754   0.199110   0.315576  -0.1518123   0.0006726   0.000076   0.000098   0.000042   0.000028  0.0000070  0.0000089    0.000040    0.000032
2019   9  29  58755   0.198862   0.314678  -0.1525147   0.0007271   0.000062   0.000094   0.000042   0.000028  0.0000070  0.0000088    0.000042    0.000032
2019   9  30  58756   0.198848   0.313423  -0.1532049   0.0006476   0.000041   0.000097   0.000042   0.000028  0.0000071  0.0000088    0.000039    0.000033
2019  10   1  58757   0.198410   0.312207  -0.1537485   0.0003901   0.000018   0.000099   0.000042   0.000028  0.0000071  0.0000088    0.000040    0.000030
2019  10   2  58758   0.197567   0.311034  -0.1539883   0.0000893  -0.000059   0.000105   0.000042   0.000028  0.0000072  0.0000088    0.000041    0.000031
2019  10   3  58759   0.196521   0.310013  -0.1539122  -0.0001661  -0.000084   0.000092   0.000042   0.000028  0.0000073  0.0000087    0.000041    0.000031
2019  10   4  58760   0.195512   0.308733  -0.1536855  -0.0003216  -0.000084   0.000072   0.000042   0.000028  0.0000073  0.0000087    0.000042    0.000032
2019  10   5  58761   0.194646   0.307613  -0.1532978  -0.0004249  -0.000084   0.000052   0.000042   0.000028  0.0000074  0.0000087    0.000039    0.000031
2019  10   6  58762   0.193614   0.306149  -0.1528333  -0.0004560  -0.000084   0.000032   0.000042   0.000028  0.0000074  0.0000087    0.000040    0.000032
2019  10   7  58763   0.192685   0.304955  -0.1523685  -0.0004218  -0.000084   0.000012   0.000042   0.000028  0.0000074  0.0000087    0.000040    0.000032
2019  10   8  58764   0.191630   0.303562  -0.1519645  -0.0003801  -0.000084  -0.000008   0.000042   0.000028  0.0000074  0.0000087    0.000040    0.000032
2019  10   9  58765   0.190535   0.301971  -0.1516533  -0.0002556  -0.000084  -0.000028   0.000042   0.000028  0.0000074  0.0000087    0.000041    0.000032
2019  10  10  58766   0.189446   0.300696  -0.1514464  -0.0001433  -0.000063   0.000027   0.000042   0.000028  0.0000074  0.0000087    0.000041    0.000032
2019  10  11  58767   0.188627   0.299697  -0.1513805   0.0000106  -0.000037   0.000102   0.000043   0.000028  0.0000074  0.0000087    0.000041    0.000032
2019  10  12  58768   0.187854   0.299357  -0.1514615   0.0001530  -0.000001   0.000116   0.000043   0.000028  0.0000075  0.0000088    0.000042    0.000032
2019  10  13  58769   0.186254   0.299289  -0.1516511   0.0002413   0.000038   0.000107   0.000043   0.000028  0.0000076  0.0000088    0.000042    0.000033
2019  10  14  58770   0.184375   0.298527  -0.1519117   0.0002824   0.000077   0.000098   0.000043   0.000028  0.0000076  0.0000088    0.000043    0.000033
2019  10  15  58771   0.182669   0.297790  -0.1522346   0.0003237   0.000116   0.000089   0.000043   0.000028  0.0000077  0.0000088    0.000043    0.000034
