         BLOCK    COSPAR  ATTITUDE      START TIME           END TIME           MASS    AREA/MASS RAD.PRESS AIR DRAG AIR DRAG  PLN SLT
PRN  SVN  NO.       ID      FLAG   YYYY MM DD HH MM SS  YYYY MM DD HH MM SS     (KG)    (M2/KG)       C0     MODEL     C0
  1   32   3   1992-079A     0     1992 11 22 00 00 00  2008 10 17 00 00 00     975.0     0.0000     0.0000     0     0.0000     6
  1   37   3   1993-032A     0     2008 10 23 00 00 00  2009 01 07 00 00 00     975.0     0.0000     0.0000     0     0.0000     3
  1   49   7   2009-014A     0     2009 03 24 00 00 00  2011 05 07 00 00 00    1100.0     0.0000     0.0000     0     0.0000     2
  1   35   3   1993-054A     0     2011 06 02 00 00 00  2011 07 13 00 00 00     975.0     0.0000     0.0000     0     0.0000     2
  1   63   8   2011-036A     0     2011 07 16 00 00 00                         1555.3     0.0000     0.0000     0     0.0000     4
  2   13   2   1989-044A     0     1989 06 10 00 00 00  2004 05 13 00 00 00     880.0     0.0000     0.0000     0     0.0000     2
  2   61   6   2004-045A     0     2004 11 06 00 00 00                         1100.0     0.0000     0.0000     0     0.0000     4
  3   11   1   1985-093A     0     1985 10 09 00 00 00  1994 04 14 00 00 00     521.8     0.0000     0.0000     0     0.0000     3
  3   33   3   1996-019A     0     1996 03 28 00 00 00  2014 08 19 00 00 00     975.0     0.0000     0.0000     0     0.0000     3
  3   35   3   1993-054A     0     2014 09 05 00 00 00  2014 10 21 00 00 00     975.0     0.0000     0.0000     0     0.0000     2
  3   69   8   2014-068A     0     2014 10 29 00 00 00                         1555.3     0.0000     0.0000     0     0.0000     5
  4   01   1   1978-020A     0     1978 02 22 00 00 00  1985 07 18 00 00 00     521.8     0.0000     0.0000     0     0.0000
  4   34   3   1993-068A     0     1993 10 26 00 00 00  2015 11 09 23 59 59     975.0     0.0000     0.0000     0     0.0000     4
  4   49   7   2009-014A     0     2016 02 02 00 00 00  2016 09 14 00 00 00    1100.0     0.0000     0.0000     0     0.0000     2
  4   32   3   1992-079A     0     2016 09 15 00 00 00  2016 12 06 00 00 00     975.0     0.0000     0.0000     0     0.0000     6
  4   34   3   1993-068A     0     2016 12 09 00 00 00  2017 01 04 00 00 00     975.0     0.0000     0.0000     0     0.0000     4
  4   49   7   2009-014A     0     2017 01 06 00 00 00  2017 05 12 23 59 59    1100.0     0.0000     0.0000     0     0.0000     2
  4   38   3   1997-067A     0     2017 05 19 00 00 00  2017 07 19 23 59 59     975.0     0.0000     0.0000     0     0.0000     1
  4   36   3   1994-016A     0     2017 07 20 00 00 00                          975.0     0.0000     0.0000     0     0.0000     3
  5   05   1   1980-011A     0     1980 02 09 00 00 00  1984 05 12 00 00 00     521.8     0.0000     0.0000     0     0.0000
  5   35   3   1993-054A     0     1993 08 30 00 00 00  2014 06 09 00 00 00     975.0     0.0000     0.0000     0     0.0000     2
  5   50   7   2009-043A     0     2014 08 17 00 00 00                         1100.0     0.0000     0.0000     0     0.0000     5
  6   03   1   1978-093A     0     1978 10 06 00 00 00  1992 05 19 00 00 00     453.8     0.0000     0.0000     0     0.0000
  6   36   3   1994-016A     0     1994 03 10 00 00 00  2014 04 30 00 00 00     975.0     0.0000     0.0000     0     0.0000     3
  6   49   7   2009-014A     0     2014 05 01 00 00 00  2014 05 06 00 00 00    1100.0     0.0000     0.0000     0     0.0000     2
  6   67   8   2014-026A     0     2014 05 17 00 00 00                         1555.3     0.0000     0.0000     0     0.0000     3
  7   02   1   1978-047A     0     1978 05 13 00 00 00  1988 02 13 00 00 00     453.8     0.0000     0.0000     0     0.0000
  7   37   3   1993-032A     0     1993 05 13 00 00 00  2008 01 15 00 00 00     975.0     0.0000     0.0000     0     0.0000     3
  7   48   7   2008-012A     0     2008 03 15 00 00 00                         1100.0     0.0000     0.0000     0     0.0000     1
  8   04   1   1978-112A     0     1978 12 10 00 00 00  1989 10 15 00 00 00     440.9     0.0000     0.0000     0     0.0000
  8   38   3   1997-067A     0     1997 11 06 00 00 00  2015 04 14 00 00 00     975.0     0.0000     0.0000     0     0.0000     1
  8   49   7   2009-014A     0     2015 04 30 00 00 00  2015 07 02 00 00 00    1100.0     0.0000     0.0000     0     0.0000     2
  8   72   8   2015-033A     0     2015 07 15 00 00 00                         1555.3     0.0000     0.0000     0     0.0000     3
  9   06   1   1980-032A     0     1980 04 26 00 00 00  1991 03 07 00 00 00     462.6     0.0000     0.0000     0     0.0000
  9   39   3   1993-042A     0     1993 06 26 00 00 00  2014 07 22 00 00 00     975.0     0.0000     0.0000     0     0.0000     1
  9   68   8   2014-045A     0     2014 08 02 00 00 00                         1555.3     0.0000     0.0000     0     0.0000     3
 10   40   3   1996-041A     0     1996 07 16 00 00 00  2015 08 04 00 00 00     975.0     0.0000     0.0000     0     0.0000     5
 10   36   3   1994-016A     0     2015 09 16 00 00 00  2015 10 27 00 00 00     975.0     0.0000     0.0000     0     0.0000     3
 10   73   8   2015-062A     0     2015 10 31 00 00 00                         1555.3     0.0000     0.0000     0     0.0000     5
 11   08   1   1983-072A     0     1983 07 14 00 00 00  1993 05 05 00 00 00     519.8     0.0000     0.0000     0     0.0000     3
 11   46   5   1999-055A     0     1999 10 07 00 00 00                         1100.0     0.0000     0.0000     0     0.0000     4
 12   10   1   1984-097A     0     1984 09 08 00 00 00  1996 03 28 00 00 00     519.8     0.0000     0.0000     0     0.0000     1
 12   58   7   2006-052A     0     2006 11 17 00 00 00                         1100.0     0.0000     0.0000     0     0.0000     2
 13   09   1   1984-059A     0     1984 06 13 00 00 00  1994 06 21 00 00 00     520.4     0.0000     0.0000     0     0.0000     3
 13   43   5   1997-035A     0     1997 07 23 00 00 00                         1100.0     0.0000     0.0000     0     0.0000     6
 14   14   2   1989-013A     0     1989 02 14 00 00 00  2000 04 16 00 00 00     880.0     0.0000     0.0000     0     0.0000     5
 14   41   5   2000-071A     0     2000 11 10 00 00 00                         1100.0     0.0000     0.0000     0     0.0000     6
 15   15   2   1990-088A     0     1990 10 01 00 00 00  2007 03 14 00 00 00     880.0     0.0000     0.0000     0     0.0000     4
 15   55   7   2007-047A     0     2007 10 17 00 00 00                         1100.0     0.0000     0.0000     0     0.0000     6
 16   16   2   1989-064A     0     1989 08 18 00 00 00  2000 10 14 00 00 00     880.0     0.0000     0.0000     0     0.0000     5
 16   56   5   2003-005A     0     2003 01 29 00 00 00                         1100.0     0.0000     0.0000     0     0.0000     2
 17   17   2   1989-097A     0     1989 12 11 00 00 00  2005 02 24 00 00 00     880.0     0.0000     0.0000     0     0.0000     4
 17   53   7   2005-038A     0     2005 09 26 00 00 00                         1100.0     0.0000     0.0000     0     0.0000     3
 18   18   2   1990-008A     0     1990 01 24 00 00 00  2000 08 19 00 00 00     880.0     0.0000     0.0000     0     0.0000     6
 18   54   5   2001-004A     0     2001 01 30 00 00 00                         1100.0     0.0000     0.0000     0     0.0000     5
 19   19   2   1989-085A     0     1989 10 21 00 00 00  2001 09 12 00 00 00     880.0     0.0000     0.0000     0     0.0000     1
 19   59   6   2004-009A     0     2004 03 20 00 00 00                         1100.0     0.0000     0.0000     0     0.0000     3
 20   20   2   1990-025A     0     1990 03 26 00 00 00  1996 12 14 00 00 00     880.0     0.0000     0.0000     0     0.0000     2
 20   51   5   2000-025A     0     2000 05 11 00 00 00                         1100.0     0.0000     0.0000     0     0.0000     5
 21   21   2   1990-068A     0     1990 08 02 00 00 00  2003 01 28 00 00 00     880.0     0.0000     0.0000     0     0.0000     5
 21   45   5   2003-010A     0     2003 03 31 00 00 00                         1100.0     0.0000     0.0000     0     0.0000     4
 22   22   3   1993-007A     0     1993 02 03 00 00 00  2003 08 07 00 00 00     975.0     0.0000     0.0000     0     0.0000     2
 22   47   6   2003-058A     0     2003 12 21 00 00 00                         1100.0     0.0000     0.0000     0     0.0000     5
 23   23   3   1990-103A     0     1990 11 26 00 00 00  2004 02 17 00 00 00     975.0     0.0000     0.0000     0     0.0000     5
 23   60   6   2004-023A     0     2004 06 23 00 00 00                         1100.0     0.0000     0.0000     0     0.0000     6
 24   24   3   1991-047A     0     1991 07 04 00 00 00  2011 10 01 00 00 00     975.0     0.0000     0.0000     0     0.0000     4
 24   49   7   2009-014A     0     2012 02 02 00 00 00  2012 03 14 23 59 59    1100.0     0.0000     0.0000     0     0.0000     2
 24   32   3   1992-079A     0     2012 03 15 00 00 00  2012 04 25 23 59 59     975.0     0.0000     0.0000     0     0.0000     6
 24   37   3   1993-032A     0     2012 04 26 00 00 00  2012 05 31 00 00 00     975.0     0.0000     0.0000     0     0.0000     3
 24   49   7   2009-014A     0     2012 08 09 00 00 00  2012 08 23 00 00 00    1100.0     0.0000     0.0000     0     0.0000     2
 24   65   8   2012-053A     0     2012 10 04 00 00 00                         1555.3     0.0000     0.0000     0     0.0000     1
 25   25   3   1992-009A     0     1992 02 23 00 00 00  2010 02 08 23 59 59     975.0     0.0000     0.0000     0     0.0000     1
 25   35   3   1993-054A     0     2010 02 09 00 00 00  2010 05 27 23 59 59     975.0     0.0000     0.0000     0     0.0000     2
 25   62   8   2010-022A     0     2010 05 28 00 00 00                         1555.3     0.0000     0.0000     0     0.0000     2
 26   26   3   1992-039A     0     1992 07 07 00 00 00  2015 01 06 00 00 00     975.0     0.0000     0.0000     0     0.0000     6
 26   32   3   1992-079A     0     2015 02 05 00 00 00  2015 02 25 00 00 00     975.0     0.0000     0.0000     0     0.0000     6
 26   27   3   1992-058A     0     2015 02 27 00 00 00  2015 03 17 00 00 00     975.0     0.0000     0.0000     0     0.0000     1
 26   71   8   2015-013A     0     2015 03 25 00 00 00                         1555.3     0.0000     0.0000     0     0.0000     2
 27   27   3   1992-058A     0     1992 09 09 00 00 00  2012 10 17 23 59 59     975.0     0.0000     0.0000     0     0.0000     1
 27   49   7   2009-014A     0     2012 10 18 00 00 00  2013 05 10 00 00 00    1100.0     0.0000     0.0000     0     0.0000     2
 27   66   8   2013-023A     0     2013 05 15 00 00 00                         1555.3     0.0000     0.0000     0     0.0000     3
 28   28   3   1992-019A     0     1992 04 10 00 00 00  1997 08 16 00 00 00     975.0     0.0000     0.0000     0     0.0000     3
 28   44   5   2000-040A     0     2000 07 16 00 00 00                         1100.0     0.0000     0.0000     0     0.0000     2
 29   29   3   1992-089A     0     1992 12 18 00 00 00  2007 10 24 00 00 00     975.0     0.0000     0.0000     0     0.0000     6
 29   57   7   2007-062A     0     2007 12 20 00 00 00                         1100.0     0.0000     0.0000     0     0.0000     3
 30   30   3   1996-056A     0     1996 09 12 00 00 00  2011 08 04 23 59 59     975.0     0.0000     0.0000     0     0.0000     2
 30   35   3   1993-054A     0     2011 08 05 00 00 00  2013 05 07 00 00 00     975.0     0.0000     0.0000     0     0.0000     2
 30   49   7   2009-014A     0     2013 05 10 00 00 00  2013 08 21 23 59 59    1100.0     0.0000     0.0000     0     0.0000     2
 30   32   3   1992-079A     0     2013 08 22 00 00 00  2013 09 16 23 59 59     975.0     0.0000     0.0000     0     0.0000     6
 30   37   3   1993-032A     0     2013 09 19 00 00 00  2013 10 08 00 00 00     975.0     0.0000     0.0000     0     0.0000     3
 30   27   3   1992-058A     0     2013 12 03 00 00 00  2013 12 17 23 59 59     975.0     0.0000     0.0000     0     0.0000     1
 30   49   7   2009-014A     0     2013 12 19 00 00 00  2014 02 10 23 59 59    1100.0     0.0000     0.0000     0     0.0000     2
 30   64   8   2014-008A     0     2014 02 21 00 00 00                         1555.3     0.0000     0.0000     0     0.0000     3
 31   31   3   1993-017A     0     1993 03 30 00 00 00  2005 10 25 00 00 00     975.0     0.0000     0.0000     0     0.0000     3
 31   52   7   2006-042A     0     2006 09 25 00 00 00                         1100.0     0.0000     0.0000     0     0.0000     1
 32   23   3   1990-103A     0     2006 12 02 00 00 00  2016 01 25 23 59 59     975.0     0.0000     0.0000     0     0.0000     5
 32   70   8   2016-007A     0     2016 02 05 00 00 00                         1555.3     0.0000     0.0000     0     0.0000     5
101  771 101   1992-005C     0     1996 01 01 00 00 00  1996 12 21 23 59 59     900.0     0.0000     0.0000     0     0.0000
101  779 101   1998-077A     0     1999 01 01 00 00 00  2002 07 08 23 59 59     900.0     0.0000     0.0000     0     0.0000
101  796 101   2004-053A     0     2004 12 26 00 00 00  2009 12 13 23 59 59     900.0     0.0000     0.0000     0     0.0000   101
101  730 102   2009-070A     0     2009 12 14 00 00 00                         1415.0     0.0000     0.0000     0     0.0000   101
102  757 101   1993-010B     0     1996 01 01 00 00 00  1997 08 23 23 59 59     900.0     0.0000     0.0000     0     0.0000
102  794 101   2003-056B     0     2003 12 10 00 00 00  2008 12 24 23 59 59     900.0     0.0000     0.0000     0     0.0000   101
102  728 102   2008-067C     0     2008 12 25 00 00 00  2013 06 30 23 59 59    1415.0     0.0000     0.0000     0     0.0000   101
102  747 102   2013-019A     0     2013 07 01 00 00 00                         1415.0     0.0000     0.0000     0     0.0000   101
103  763 101   1994-076A     0     1996 01 01 00 00 00  2001 11 30 23 59 59     900.0     0.0000     0.0000     0     0.0000
103  789 101   2001-053B     0     2001 12 01 00 00 00  2008 12 24 23 59 59    1415.0     0.0000     0.0000     0     0.0000   101
103  727 102   2008-067A     0     2008 12 25 00 00 00  2010 09 30 23 59 59    1415.0     0.0000     0.0000     0     0.0000   101
103  722 102   2007-065B     0     2010 10 01 00 00 00  2010 12 15 23 59 59    1415.0     0.0000     0.0000     0     0.0000   102
103  727 102   2008-067A     0     2010 12 16 00 00 00  2011 03 10 23 59 59    1415.0     0.0000     0.0000     0     0.0000   101
103  715 102   2006-062C     0     2011 03 11 00 00 00  2011 10 12 23 59 59    1415.0     0.0000     0.0000     0     0.0000   102
103  801 103   2011-009A     0     2011 10 13 00 00 00  2011 11 30 23 59 59     750.0     0.0000     0.0000     0     0.0000   103
103  744 102   2011-064A     0     2011 12 01 00 00 00                         1415.0     0.0000     0.0000     0     0.0000   101
104  762 101   1994-076C     0     1994 11 20 00 00 00  1999 11 19 23 59 59     900.0     0.0000     0.0000     0     0.0000   101
104  795 101   2003-056C     0     2003 12 10 00 00 00  2009 12 13 23 59 59     900.0     0.0000     0.0000     0     0.0000   101
104  733 102   2009-070B     0     2009 12 14 00 00 00  2010 09 30 23 59 59    1415.0     0.0000     0.0000     0     0.0000   101
104  727 102   2008-067A     0     2010 10 01 00 00 00  2010 12 15 23 59 59    1415.0     0.0000     0.0000     0     0.0000   101
104  801 103   2011-009A     0     2011 02 26 00 00 00  2011 10 11 00 00 00     750.0     0.0000     0.0000     0     0.0000   103
104  742 102   2011-055A     0     2011 10 13 00 00 00                         1415.0     0.0000     0.0000     0     0.0000   101
105  711 101   2001-053A     0     2001 12 01 00 00 00  2009 12 13 23 59 59     900.0     0.0000     0.0000     0     0.0000   101
105  734 102   2009-070C     0     2009 12 14 00 00 00                         1415.0     0.0000     0.0000     0     0.0000   101
106  764 101   1994-076B     0     1996 01 01 00 00 00  2001 11 30 23 59 59     900.0     0.0000     0.0000     0     0.0000
106  790 101   2001-053C     0     2001 12 01 00 00 00  2003 12 09 23 59 59    1415.0     0.0000     0.0000     0     0.0000
106  701 102   2003-056A     0     2003 12 10 00 00 00  2010 04 27 23 59 59    1415.0     0.0000     0.0000     0     0.0000   101
106  714 102   2005-050A     0     2010 04 28 00 00 00  2010 09 30 23 59 59    1415.0     0.0000     0.0000     0     0.0000   103
106  733 102   2009-070B     0     2010 10 01 00 00 00                         1415.0     0.0000     0.0000     0     0.0000   101
107  759 101   1993-010C     0     1996 01 01 00 00 00  1997 08 04 23 59 59     900.0     0.0000     0.0000     0     0.0000
107  786 101   1998-077C     0     1998 12 30 00 00 00  2004 12 25 23 59 59     900.0     0.0000     0.0000     0     0.0000
107  712 102   2004-053B     0     2004 12 26 00 00 00  2011 12 14 23 59 59    1415.0     0.0000     0.0000     0     0.0000   101
107  745 102   2011-064B     0     2011 12 15 00 00 00                         1415.0     0.0000     0.0000     0     0.0000   101
108  769 101   1992-005B     0     1996 01 01 00 00 00  1997 06 25 23 59 59     900.0     0.0000     0.0000     0     0.0000
108  784 101   1998-077B     0     1998 12 30 00 00 00  2004 12 25 23 59 59     900.0     0.0000     0.0000     0     0.0000
108  797 101   2004-053C     0     2004 12 26 00 00 00  2008 12 24 23 59 59     900.0     0.0000     0.0000     0     0.0000   101
108  729 102   2008-067B     0     2008 12 25 00 00 00  2012 09 13 00 00 00    1415.0     0.0000     0.0000     0     0.0000   101
108  743 102   2011-064C     0     2012 09 17 00 00 00  2012 10 17 23 59 59    1415.0     0.0000     0.0000     0     0.0000   101
108  712 102   2004-053B     0     2012 10 18 00 00 00  2012 12 21 23 59 59    1415.0     0.0000     0.0000     0     0.0000   101
108  743 102   2011-064C     0     2012 12 22 00 00 00  2013 01 05 23 59 59    1415.0     0.0000     0.0000     0     0.0000   101
108  801 103   2011-009A     0     2013 01 06 00 00 00  2013 02 22 23 59 59     750.0     0.0000     0.0000     0     0.0000   103
108  743 102   2011-064C     0     2013 02 23 00 00 00                         1415.0     0.0000     0.0000     0     0.0000   101
109  776 101   1995-068C     0     1996 01 01 00 00 00  2007 12 24 23 59 59     900.0     0.0000     0.0000     0     0.0000
109  722 102   2007-065B     0     2007 12 25 00 00 00  2010 09 30 23 59 59    1415.0     0.0000     0.0000     0     0.0000   102
109  736 102   2010-041C     0     2010 10 01 00 00 00  2016 02 15 23 59 59    1415.0     0.0000     0.0000     0     0.0000   102
109  802 103   2014-075A     0     2016 02 16 00 00 00                          750.0     0.0000     0.0000     0     0.0000   102
110  781 101   1995-037B     0     1996 01 01 00 00 00  2006 12 24 23 59 59     900.0     0.0000     0.0000     0     0.0000
110  717 102   2006-062B     0     2006 12 25 00 00 00                         1415.0     0.0000     0.0000     0     0.0000   102
111  785 101   1995-037C     0     1996 01 01 00 00 00  2007 12 24 23 59 59     900.0     0.0000     0.0000     0     0.0000
111  723 102   2007-065C     0     2007 12 25 00 00 00  2016 06 23 23 59 59    1415.0     0.0000     0.0000     0     0.0000   102
111  853 102   2016-032A     0     2016 06 24 00 00 00                         1415.0     0.0000     0.0000     0     0.0000   102
112  767 101   1994-050A     0     1996 01 01 00 00 00  2010 09 01 23 59 59     900.0     0.0000     0.0000     0     0.0000
112  737 102   2010-041B     0     2010 09 02 00 00 00  2016 11 22 00 00 00    1415.0     0.0000     0.0000     0     0.0000   102
112  723 102   2007-065C     0     2016 12 15 00 00 00                         1415.0     0.0000     0.0000     0     0.0000   102
113  782 101   1995-068A     0     1996 01 01 00 00 00  2007 12 24 23 59 59     900.0     0.0000     0.0000     0     0.0000
113  721 102   2007-065A     0     2007 12 25 00 00 00                         1415.0     0.0000     0.0000     0     0.0000   102
114  770 101   1994-050C     0     1996 01 01 00 00 00  2006 12 24 23 59 59     900.0     0.0000     0.0000     0     0.0000
114  715 102   2006-062C     0     2006 12 25 00 00 00  2010 12 15 23 59 59    1415.0     0.0000     0.0000     0     0.0000   102
114  722 102   2007-065B     0     2010 12 16 00 00 00  2011 10 12 23 59 59    1415.0     0.0000     0.0000     0     0.0000   102
114  715 102   2006-062C     0     2011 10 13 00 00 00                         1415.0     0.0000     0.0000     0     0.0000   102
115  780 101   1995-037A     0     1996 01 01 00 00 00  1998 12 31 23 59 59     900.0     0.0000     0.0000     0     0.0000
115  778 101   1995-068B     0     1999 04 07 00 00 00  2006 12 24 23 59 59     900.0     0.0000     0.0000     0     0.0000
115  716 102   2006-062A     0     2006 12 25 00 00 00                         1415.0     0.0000     0.0000     0     0.0000   102
116  775 101   1994-050B     0     1996 01 01 00 00 00  2010 09 01 23 59 59     900.0     0.0000     0.0000     0     0.0000
116  736 102   2010-041C     0     2010 09 02 00 00 00  2010 09 30 23 59 59    1415.0     0.0000     0.0000     0     0.0000   102
116  738 102   2010-041A     0     2010 10 01 00 00 00  2016 02 14 23 59 59    1415.0     0.0000     0.0000     0     0.0000   102
116  736 102   2010-041C     0     2016 03 09 00 00 00                         1415.0     0.0000     0.0000     0     0.0000   102
117  760 101   1994-021A     0     1996 01 01 00 00 00  2000 09 30 23 59 59     900.0     0.0000     0.0000     0     0.0000
117  787 101   2000-063A     0     2000 10 13 00 00 00  2007 10 25 23 59 59     900.0     0.0000     0.0000     0     0.0000   103
117  718 102   2007-052C     0     2007 10 26 00 00 00  2010 12 15 23 59 59    1415.0     0.0000     0.0000     0     0.0000   103
117  714 102   2005-050A     0     2010 12 16 00 00 00  2011 12 19 23 59 59    1415.0     0.0000     0.0000     0     0.0000   103
117  746 102   2011-071A     0     2011 12 20 00 00 00  2015 04 12 23 59 59    1415.0     0.0000     0.0000     0     0.0000   103
117  714 102   2005-050A     0     2015 04 13 00 00 00  2016 01 26 23 59 59    1415.0     0.0000     0.0000     0     0.0000   103
117  802 103   2014-075A     0     2016 01 27 00 00 00  2016 02 15 23 59 59     750.0     0.0000     0.0000     0     0.0000   102
117  714 102   2005-050A     0     2016 02 16 00 00 00  2016 02 23 23 59 59    1415.0     0.0000     0.0000     0     0.0000   103
117  851 102   2016-008A     0     2016 02 24 00 00 00                         1415.0     0.0000     0.0000     0     0.0000   103
118  758 101   1994-021C     0     1996 01 01 00 00 00  2000 01 15 23 59 59     900.0     0.0000     0.0000     0     0.0000
118  783 101   2000-063C     0     2000 10 13 00 00 00  2008 09 24 23 59 59     900.0     0.0000     0.0000     0     0.0000   103
118  724 102   2008-046A     0     2008 09 25 00 00 00  2014 02 11 23 59 59    1415.0     0.0000     0.0000     0     0.0000   103
118  714 102   2005-050A     0     2014 02 18 00 00 00  2014 04 10 23 59 59    1415.0     0.0000     0.0000     0     0.0000   103
118  854 102   2014-012A     0     2014 04 11 00 00 00                         1415.0     0.0000     0.0000     0     0.0000   103
119  777 101   1995-009C     0     1996 01 01 00 00 00  2005 12 24 23 59 59     900.0     0.0000     0.0000     0     0.0000
119  798 101   2005-050C     0     2005 12 25 00 00 00  2007 10 25 23 59 59     900.0     0.0000     0.0000     0     0.0000   103
119  720 102   2007-052A     0     2007 10 26 00 00 00                         1415.0     0.0000     0.0000     0     0.0000   103
120  765 101   1995-009A     0     1996 01 01 00 00 00  2006 02 27 23 59 59     900.0     0.0000     0.0000     0     0.0000
120  793 101   2002-060B     0     2006 02 28 00 00 00  2007 10 25 23 59 59    1480.0     0.0000     0.0000     0     0.0000   103
120  719 102   2007-052B     0     2007 10 26 00 00 00                         1415.0     0.0000     0.0000     0     0.0000   103
121  756 101   1992-047B     0     1996 01 01 00 00 00  2002 12 24 23 59 59     900.0     0.0000     0.0000     0     0.0000
121  792 101   2002-060C     0     2002 12 25 00 00 00  2008 09 24 23 59 59    1480.0     0.0000     0.0000     0     0.0000   103
121  725 102   2008-046B     0     2008 09 25 00 00 00  2014 08 01 23 59 59    1415.0     0.0000     0.0000     0     0.0000   103
121  855 102   2014-032A     0     2014 08 02 00 00 00                         1415.0     0.0000     0.0000     0     0.0000   103
122  766 101   1995-009B     0     1996 01 01 00 00 00  2002 12 24 23 59 59     900.0     0.0000     0.0000     0     0.0000
122  791 101   2002-060A     0     2002 12 25 00 00 00  2007 10 25 23 59 59    1480.0     0.0000     0.0000     0     0.0000   103
122  798 101   2005-050C     0     2007 10 26 00 00 00  2008 09 24 23 59 59     900.0     0.0000     0.0000     0     0.0000   103
122  726 102   2008-046C     0     2008 09 25 00 00 00  2010 02 28 23 59 59    1415.0     0.0000     0.0000     0     0.0000   103
122  731 102   2010-007A     0     2010 03 01 00 00 00                         1415.0     0.0000     0.0000     0     0.0000   103
123  761 101   1994-021B     0     1996 01 01 00 00 00  2002 12 24 23 59 59     900.0     0.0000     0.0000     0     0.0000
123  793 101   2002-060B     0     2002 12 25 00 00 00  2006 02 27 23 59 59    1480.0     0.0000     0.0000     0     0.0000   103
123  714 102   2005-050A     0     2006 02 28 00 00 00  2010 03 18 23 59 59    1415.0     0.0000     0.0000     0     0.0000   103
123  732 102   2010-007C     0     2010 03 19 00 00 00                         1415.0     0.0000     0.0000     0     0.0000   103
124  774 101   1992-047A     0     1996 01 01 00 00 00  1996 08 26 23 59 59     900.0     0.0000     0.0000     0     0.0000
124  788 101   2000-063B     0     2000 10 13 00 00 00  2005 12 24 23 59 59     900.0     0.0000     0.0000     0     0.0000   103
124  713 102   2005-050B     0     2005 12 25 00 00 00  2010 02 28 23 59 59    1415.0     0.0000     0.0000     0     0.0000   103
124  735 102   2010-007B     0     2010 03 01 00 00 00                         1415.0     0.0000     0.0000     0     0.0000   103
126  801 103   2011-009A     0     2012 03 15 00 00 00  2013 01 05 23 59 59     750.0     0.0000     0.0000     0     0.0000   103
126  801 103   2011-009A     0     2013 02 23 00 00 00                          750.0     0.0000     0.0000     0     0.0000   103
127  802 103   2014-075A     0     2014 11 30 00 00 00  2016 01 26 23 59 59     750.0     0.0000     0.0000     0     0.0000   102
201  210 204   2016-030B     0     2016 05 24 00 00 00                          706.7     0.0000     0.0000     0     0.0000
202  211 204   2016-030A     0     2016 05 24 00 00 00                          707.6     0.0000     0.0000     0     0.0000
203  212 204   2016-069B     0     2016 11 17 00 00 00                          709.9     0.0000     0.0000     0     0.0000
204  213 204   2016-069C     0     2016 11 17 00 00 00                          708.8     0.0000     0.0000     0     0.0000
205  214 204   2016-069D     0     2016 11 17 00 00 00                          709.8     0.0000     0.0000     0     0.0000
207  207 204   2016-069A     0     2016 11 17 00 00 00                          706.6     0.0000     0.0000     0     0.0000
208  208 204   2015-079B     0     2015 12 17 00 00 00                          709.1     0.0000     0.0000     0     0.0000
209  209 204   2015-079A     0     2015 12 17 00 00 00                          707.9     0.0000     0.0000     0     0.0000
211  101 203   2011-060A     0     2011 10 21 00 00 00                          696.8     0.0000     0.0000     0     0.0000
212  102 203   2011-060B     0     2011 10 21 00 00 00                          695.3     0.0000     0.0000     0     0.0000
214  202 204   2014-050B     0     2014 08 22 00 00 00                          662.1     0.0000     0.0000     0     0.0000
218  201 204   2014-050A     0     2014 08 22 00 00 00                          661.0     0.0000     0.0000     0     0.0000
219  103 203   2012-055A     0     2012 10 12 00 00 00                          697.6     0.0000     0.0000     0     0.0000
220  104 203   2012-055B     0     2012 10 12 00 00 00                          695.7     0.0000     0.0000     0     0.0000
222  204 204   2015-017B     0     2015 03 27 00 00 00                          705.9     0.0000     0.0000     0     0.0000
224  205 204   2015-045A     0     2015 09 11 00 00 00                          708.8     0.0000     0.0000     0     0.0000
226  203 204   2015-017A     0     2015 03 27 00 00 00                          705.7     0.0000     0.0000     0     0.0000
230  206 204   2015-045B     0     2015 09 11 00 00 00                          707.7     0.0000     0.0000     0     0.0000
301  003  23   2010-001A     0     2013 01 01 00 00 00                         1550.0     0.0000     0.0000     0     0.0000
302  016  23   2012-059A     0     2013 01 01 00 00 00                         1550.0     0.0000     0.0000     0     0.0000
303  004  23   2010-024A     0     2013 01 01 00 00 00                         1550.0     0.0000     0.0000     0     0.0000
304  006  23   2010-057A     0     2013 01 01 00 00 00                         1550.0     0.0000     0.0000     0     0.0000
305  011  23   2012-008A     0     2013 01 01 00 00 00                         1550.0     0.0000     0.0000     0     0.0000
306  005  22   2010-036A     0     2013 01 01 00 00 00                         1900.0     0.0000     0.0000     0     0.0000
307  007  22   2010-068A     0     2013 01 01 00 00 00                         1900.0     0.0000     0.0000     0     0.0000
308  008  22   2011-013A     0     2013 01 01 00 00 00                         1900.0     0.0000     0.0000     0     0.0000
309  009  22   2011-038A     0     2013 01 01 00 00 00                         1900.0     0.0000     0.0000     0     0.0000
310  010  22   2011-073A     0     2013 01 01 00 00 00                         1900.0     0.0000     0.0000     0     0.0000
311  012  21   2012-018A     0     2013 01 01 00 00 00                         1500.0     0.0000     0.0000     0     0.0000
312  013  21   2012-018B     0     2013 01 01 00 00 00                         1500.0     0.0000     0.0000     0     0.0000
313  017  21   2012-050A     0     2013 01 01 00 00 00                         1500.0     0.0000     0.0000     0     0.0000
314  015  21   2012-050B     0     2013 01 01 00 00 00                         1500.0     0.0000     0.0000     0     0.0000
315  017  22   2016-021A     0     2013 01 01 00 00 00                         1900.0     0.0000     0.0000     0     0.0000
316  019  22   2018-057A     0     2018 01 01 00 00 00                         1900.0     0.0000     0.0000     0     0.0000
317  018  23   2016-037A     0     2016 01 01 00 00 00                         1550.0     0.0000     0.0000     0     0.0000
401       22   2010-045A     0     2010 01 01 00 00 00                         1800.0     0.0000     0.0000     0     0.0000
402       22   2017-028A     0     2010 01 01 00 00 00                         1550.0     0.0000     0.0000     0     0.0000
403       23   2017-048B     0     2010 01 01 00 00 00                         1700.0     0.0000     0.0000     0     0.0000


